 0.0 109.178752512 635.566676282 583.540915446 636.65767882 141.400141443 48.8364617883 227.63567383 340.242560536 221.449768571 355.370229479 399.058892897 777.85602781 665.115027646 311.192866242 212.66405432
 109.178752512 0.0 643.012441559 566.427400467 527.807730144 248.712685643 105.076162853 118.532695911 428.939389658 163.168624435 433.847899615 493.8339802 668.996263069 576.640269145 202.625269895 105.536723466
 635.566676282 643.012441559 0.0 151.013244452 859.176349768 618.98061359 588.992359883 677.153601482 898.614489089 501.351174328 938.39490621 921.998373101 960.165089972 1137.8158902 678.423171774 693.674995946
 583.540915446 566.427400467 151.013244452 0.0 714.994405573 601.020798309 534.801832458 577.402805674 884.249399208 409.575389886 916.676606007 919.151782896 811.608279899 1015.47328867 563.585840844 597.797624619
 636.65767882 527.807730144 859.176349768 714.994405573 0.0 772.272620258 620.12256853 410.703055747 931.967810603 490.539498919 920.315706701 1003.62393355 141.198441918 414.609454788 325.530336528 430.735417629
 141.400141443 248.712685643 618.98061359 601.020798309 772.272620258 0.0 152.554908148 366.938686976 283.451935961 318.449368032 319.677962956 321.076314916 913.267759203 800.202474378 447.2639042 353.547733694
 48.8364617883 105.076162853 588.992359883 534.801832458 620.12256853 152.554908148 0.0 219.018264079 382.75318418 179.51323071 400.980049379 438.224828142 761.002628116 679.547643657 295.787085587 209.745083375
 227.63567383 118.532695911 677.153601482 577.402805674 410.703055747 366.938686976 219.018264079 0.0 531.240999924 176.640878621 528.229116956 599.921661553 551.755380581 485.732436636 88.7299273075 28.2842712475
 340.242560536 428.939389658 898.614489089 884.249399208 931.967810603 283.451935961 382.75318418 531.240999924 0.0 561.359955822 57.4543296889 75.133215025 1070.24529899 827.575374211 619.904831406 506.80272296
 221.449768571 163.168624435 501.351174328 409.575389886 490.539498919 318.449368032 179.51323071 176.640878621 561.359955822 0.0 576.27771083 617.737808459 626.817357769 655.000763358 200.242353162 192.338243727
 355.370229479 433.847899615 938.39490621 916.676606007 920.315706701 319.677962956 400.980049379 528.229116956 57.4543296889 576.27771083 0.0 116.068945028 1056.75919679 791.991161567 616.104698895 502.364409567
 399.058892897 493.8339802 921.998373101 919.151782896 1003.62393355 321.076314916 438.224828142 599.921661553 75.133215025 617.737808459 116.068945028 0.0 1142.4692556 901.998891352 688.645772513 576.279446102
 777.85602781 668.996263069 960.165089972 811.608279899 141.198441918 913.267759203 761.002628116 551.755380581 1070.24529899 626.817357769 1056.75919679 1142.4692556 0.0 471.052014113 466.717259162 571.400035002
 665.115027646 576.640269145 1137.8158902 1015.47328867 414.609454788 800.202474378 679.547643657 485.732436636 827.575374211 655.000763358 791.991161567 901.998891352 471.052014113 0.0 461.069409092 481.331486608
 311.192866242 202.625269895 678.423171774 563.585840844 325.530336528 447.2639042 295.787085587 88.7299273075 619.904831406 200.242353162 616.104698895 688.645772513 466.717259162 461.069409092 0.0 113.740933705
 212.66405432 105.536723466 693.674995946 597.797624619 430.735417629 353.547733694 209.745083375 28.2842712475 506.80272296 192.338243727 502.364409567 576.279446102 571.400035002 481.331486608 113.740933705 0.0